0.247272
0.473221
0.588829
0.403362
0.695696
0.00727074
0.440492
0.763512
0.860134
0.499948
0.958283
0.0496435
0.0704857
0.585205
0.566834
0.486416
0.17345
0.357244
0.518077
0.930282
0.656468
0.11771
0.315056
0.492071
0.342454
0.967484
0.449871
0.563827
0.65255
0.643765
0.6716
0.0115298
0.735879
0.067178
0.669535
0.640153
0.647397
0.870092
0.733178
0.974877
0.405911
0.358097
0.0549007
0.751875
0.00433308
0.352864
0.77258
0.841713
0.477017
0.0223024
0.564531
0.730547
0.0170518
0.430258
0.653318
0.285799
0.868082
0.90336
0.579753
0.384233
0.904679
0.32272
0.0261311
0.0869392
0.745213
0.201993
0.929318
0.359197
0.221767
0.372055
0.211976
0.260332
0.98644
0.0445437
0.792735
0.867926
0.144405
0.765489
0.880871
0.60062
0.274903
0.859507
0.859076
0.0301322
0.612777
0.19573
0.433332
0.195313
0.885838
0.942206
0.948524
0.0103055
0.910192
0.914223
0.14435
0.0745732
0.736193
0.625732
0.463549
0.873934
