19.9086
19.3695
19.3637
25.2248
21.8425
23.2686
15.7831
18.3
29.6925
29.2351
21.9012
20.3622
26.948
25.842
24.2772
17.7285
26.7313
18.3786
16.5728
16.0273
16.1375
23.1205
18.7735
23.5605
25.9016
26.9377
26.4854
16.5757
18.4487
15.0359
15.5274
16.4757
27.0759
18.0922
16.1693
28.9596
18.7385
16.3038
18.3648
17.3415
25.6946
27.314
17.8427
28.0721
16.3168
29.5504
17.5233
21.9636
26.6785
24.8397
25.7208
19.8178
19.33
21.0347
22.9797
15.4873
18.8345
26.4238
20.169
27.2169
26.4598
23.1232
17.3809
26.5069
25.6352
21.1915
28.4312
21.5427
28.1046
26.7897
18.5811
25.522
25.4909
29.8945
23.7399
18.6144
25.6221
24.0371
24.5356
23.2592
29.9895
22.6999
26.6904
18.9584
24.3043
20.9948
21.0012
24.3111
15.3414
26.5007
20.8543
26.8967
27.4613
28.2617
22.3406
16.4501
25.7051
27.0426
22.747
29.8822
